49601135
49601181
49601287
49602487
49602563
49604429
49604517
49605115
49605147
49605227
49605281
49605381
49605673
49605865
49606057
49606067
49606325
49606413
49606419
49606699
49607697
49609043
49609303
49609435
49609559
49609659
49609975
49610181
49610443
49611923
49612347
49612579
49612601
49612689
49612949
49613445
49613549
49613561
49614081
49614529
49615029
49615031
49615435
49615489
49615675
49615917
49617083
49617127
49617249
49617269
49617351
49617449
49617611
49617727
49617967
49617989
49618755
49618931
49619163
49619209
49619261
49619361
49619377
49619489
49619519
49620069
49620075
49620769
49621271
49621689
49623065
49623099
49623197
49623365
49623703
49623893
49624399
49624525
49624665
49625273
49625277
49625627
49626401
49626579
49626973
49627005
49627045
49627423
49627453
49627627
49627775
49628339
49628397
49628635
49629105
49629429
49629581
49630597
49630637
49631123
49631185
49631209
49631231
49631233
49631245
49631269
49631565
49631867
49632403
49632425
49632977
49633497
49633607
49633895
49634511
49634651
49635415
49635567
49635647
49635781
49635965
49636437
49636473
49637297
49638073
49638287
49638491
49638531
49638703
49638743
49639307
49639365
49639523
49639531
49639757
49639811
49639933
49640119
49640655
49640719
49640725
49641261
49642085
49643163
49643841
49643887
49643965
49644229
49644257
49644415
49644877
49645283
49645369
49645705
49645917
49646031
49646377
49646555
49646565
49646893
49647355
49647395
49647769
49647853
49648185
49648443
49648449
49649431
49650853
49650877
49651089
49651443
49651751
49651755
49651847
49651963
49652289
49652291
49652469
49652679
49652769
49653321
49653329
49653689
49653769
49654427
49654695
49654699
49656081
49656271
49656321
49656353
49656477
49656607
49658387
49659409
49660063
49660093
49660161
49660929
49661321
49661335
49661793
49662507
49662581
49662591
49662707
49663063
49663161
49663795
49663863
49664003
49664309
49664421
49664645
49665327
49665421
49666355
49666643
49666831
49666837
49667333
49667553
49668215
49668241
49668443
49669025
49669225
49669273
49669551
49670077
49670455
49671545
49671731
49671955
49671993
49672515
49673789
49674215
49676791
49676907
49677051
49677377
49677739
49678027
49678851
49678873
49678879
49678953
49679151
49679877
49679941
49680023
49680645
49681043
49681053
49681059
49681673
49681725
49682937
49683847
49684311
49684695
49684739
49685225
49685227
49685433
49685579
49685673
49685805
49686161
49686247
49686679
49686713
49686903
49686953
49686955
49687001
49687073
49687671
49688749
49689149
49690187
49690305
49690369
49690371
49690497
49690805
49691567
49691953
49691983
49691999
49692007
49692295
49692465
49692935
49692971
49693719
49694841
49694911
49695043
49695423
49695503
49695561
49696111
49696183
49696209
49696377
49697003
49697307
49698329
49698623
49698829
49698901
49699279
49699341
49699629
49687295
49699215
49699435
49699773
49700399
49701183
49701483
49701663
49702183
49702521
49702573
49702811
49702945
49703397
49703453
49703543
49703627
49703949
49704713
49704865
49705097
49705123
49705417
49706195
49706603
49706641
49707307
49707357
49707371
49707389
49707509
49707511
49707775
49707983
49708019
49708059
49708083
49708269
49708613
49708623
49708853
49709085
49709509
49709715
49709749
49709977
49710019
49710073
49710085
49710487
49710517
49710549
49710601
49710839
49711439
49711549
49711797
49711815
49712413
49712619
49712689
49712691
49712721
49714315
49714339
49714447
49714749
49715389
49716867
49717391
49718253
49718299
49718455
49718943
49719025
49719287
49719943
49720045
49720131
49720219
49720389
49720605
49721675
49722061
49722093
49722255
49722269
49722333
49723079
49723427
49724041
49724169
49725009
49725221
49725789
49725825
49726261
49726289
49727335
49728029
49728289
49728759
49728821
49729007
49729161
49729471
49730081
49730499
49730827
49731387
49731725
49732033
49732161
49732321
49732915
49733691
49733759
49734355
49734469
49734785
49734955
49735759
49736103
49736141
49736853
49736859
49737049
49737075
49737515
49737585
49737979
49738001
49738011
49738915
49739077
49739079
49739469
49739485
49740511
49742347
49742603
49742761
49742917
49743423
49743469
49743999
49744017
49744055
49744205
49744331
49744583
49744585
49745023
49745629
49746259
49746429
49746449
49746639
49746813
49746841
49747405
49747453
49747809
49748967
49749291
49749547
49749989
49750305
49750395
49750847
49751215
49751817
49752649
49753421
49753503
49754225
49754303
49754571
49754693
49754695
49754751
49755043
49755109
49755175
49755423
49755445
49755475
49756211
49756325
49756415
49756455
49756463
49756707
49756803
49756871
49756923
49757001
49757195
49757493
49757525
49757591
49757617
49757767
49757927
49758263
49758293
49758315
49758367
49758531
49758675
49759181
49759601
49759647
49759673
49760119
49760155
49760235
49760307
49760723
49760783
49760821
49760835
49760891
49761227
49761243
49761757
49761783
49762121
49762487
49762543
49762667
49763111
49763137
49763165
49763239
49763243
49763927
49764013
49764429
49765067
49765113
49765225
49765557
49765643
49766377
49766447
49766489
49766625
49766661
49766815
49766823
49766881
49766885
49766919
49767045
49767067
49767573
49767605
49767607
49767649
49767803
49767853
49767961
49769053
49769517
49769685
49769859
49770041
49770107
49770287
49770383
49770707
49770855
49770927
49771491
49771493
49771529
49771601
49771839
49772049
49772455
49772599
49772673
49772709
49772781
49773569
49774503
49774543
49774651
49774887
49774983
49775155
49775331
49775363
49775637
49775729
49775809
49776257
49776259
49776289
49776343
49776353
49776395
49777707
49777841
49777843
49778237
49778389
49779653
49779983
49780129
49780751
49780885
49781217
49781249
49782059
49782943
49783319
49783381
49783547
49783817
49783955
49784311
49784753
49785277
49785481
49786297
49786333
49786871
49787191
49787193
49787205
49787253
49787303
49787335
49787381
49787463
49787483
49787629
49787673
49787753
49787807
49788005
49788041
49788469
49788621
49789091
49789325
49789719
49789857
49790341
49790357
49790509
49790533
49790707
49790773
49790775
49790863
49790871
49790929
49791013
49791117
49791487
49791525
49791569
49792201
49792217
49792367
49792547
49793237
49793545
49793583
49793745
49794047
49794085
49794375
49794459
49794489
49794637
49794689
49794899
49795423
49795867
49795991
49796519
49796655
49796713
49796845
49796993
49797009
49797745
49797759
49797841
49797901
49798767
49798807
49799403
49800079
49800647
49800697
49801329
49802093
49802177
49802575
49803349
49803829
49803963
49804553
49804597
49804607
49804637
49804745
49805179
49805193
49805445
49805837
49806301
49806367
49806411
49806577
49806781
49806847
49808361
49808901
49808907
49809117
49809685
49809693
49809885
49809953
49810329
49810619
49810729
49811137
49811693
49812065
49812523
49812529
49813375
49814371
49814413
49814461
49814649
49815243
49815905
49815995
49816333
49817419
49817511
49817839
49817877
49817963
49818473
49818663
49818673
49818929
49819631
49819633
49820401
49820765
49820997
49821129
49821233
49821681
49821933
49822191
49823555
49823693
49824679
49825139
49825191
49826451
49826957
49827131
49827277
49827589
49827815
49827945
49828241
49828435
49828661
49828699
49828931
49829105
49830813
49831003
49831173
49831405
49831497
49831585
49832127
49832527
49832623
49832755
49832893
49833141
49833645
49834739
49835327
49835695
49836351
49836477
49837243
49837403
49838109
49838655
49838721
49839217
49839361
49839575
49839699
49839813
49839815
49840195
49840619
49840623
49840717
49840831
49841157
49841209
49841287
49841349
49841849
49842269
49842439
49842577
49842581
49843217
49843267
49843319
49843325
49843525
49843715
49843961
49844287
49844597
49845027
49845047
49845091
49846059
49847345
49847695
49848529
49848589
49848989
49849259
49849293
49849373
49849943
49849959
49849975
49850065
49850195
49850239
49850251
49850311
49850329
49850363
49850381
49850487
49850551
49850627
49851063
49851085
49851901
49852053
49852101
49852119
49852121
49852559
49852611
49853823
49853873
49854415
49854529
49854723
49854873
49856017
49856083
49856185
49856585
49856669
49857203
49857261
49857267
49857285
49857345
49857395
49857435
49857995
49858063
49858435
49858797
49859403
49859655
49859787
49859845
49860303
49860491
49860543
49860547
49860653
49861253
49861267
49861273
49861387
49861641
49862051
49862367
49862733
49863155
49863227
49863385
49863641
49863769
49863771
49863801
49864003
49864341
49864363
49864831
49864865
49864891
49864961
49865005
49865273
49865607
49865859
49866587
49867149
49867393
49867955
49867989
49868067
49868085
49868299
49868751
49868843
49868855
49869017
49869045
49869391
49869667
49869687
49870245
49870329
49870351
49870663
49870995
49871505
49872593
49872997
49873057
49873229
49873501
49873707
49873749
49874009
49874159
49874235
49874307
49874969
49876007
49876337
49876417
49876497
49876835
49876939
49876981
49877553
49878347
49878579
49878995
49879219
49879295
49879893
49880065
49880353
49880525
49880527
49880975
49881251
49881787
49881789
49881863
49881959
49882449
49882505
49882933
49882951
49883657
49883717
49884269
49884297
49884363
49884701
49884947
49884973
49885215
49885223
49885225
49885361
49885461
49885553
49886539
49887875
49888355
49888387
49888443
49888605
49888739
49888749
49888961
49888975
49889009
49889831
49889981
49890193
49891407
49892061
49893279
49893537
49893847
49893935
49893937
49894275
49894335
49894423
49894537
49894565
49894589
49894601
49894655
49894681
49894739
49894777
49894825
49894835
49895219
49895221
49895281
49895391
49895613
49895697
49895761
49895787
49896001
49896041
49896069
49896591
49896607
49896893
49897041
49897495
49898019
49898085
49898093
49898145
49898177
49898721
49898761
49898819
49898865
49899225
49899531
49900765
49900985
49901311
49901313
49901375
49901415
49901801
49901909
49902229
49902243
49902455
49902557
49902673
49903243
49903319
49903355
49903357
49903783
49904485
49904507
49904519
49904899
49905133
49905281
49905597
49906041
49906047
49906159
49906427
49906493
49906569
49907111
49907123
49907191
49907381
49908491
49908503
49908669
49908851
49910081
49910219
49910567
49910905
49910929
49910941
49910957
49910959
49911085
49911775
49911777
49912427
49912913
49913079
49914465
49914669
49914895
49914925
49915551
49915563
49915645
49915759
49916219
49916459
49916503
49916741
49916793
49916969
49917231
49917615
49917713
49917761
49917825
49917887
49918027
49918039
49918379
49919453
49919619
49920363
49920571
49920747
49920863
49921023
49921179
49921247
49921775
49921849
49921855
49922089
49922127
49922155
49922209
49922231
49922391
49922833
49922841
49922949
49923041
49923231
49923329
49923663
49924429
49924701
49924749
49924779
49924863
49924871
49924935
49924937
49925667
49926091
49926407
49926427
49926431
49927431
49927611
49927645
49927811
49927887
49928573
49928713
49928759
49929611
49929613
49929691
49930067
49930241
49930335
49930795
49931215
49931227
49931585
49931769
49932205
49932285
49932659
49933509
49933517
49933519
49933779
49934441
49936513
49936641
49936655
49936771
49937597
49937617
49937689
49937939
49938339
49938765
49938897
49939301
49939863
49939961
49940741
49941009
49941453
49941859
49942275
49942369
49942451
49942991
49943389
49943777
49943859
49943955
49943973
49944153
49944899
49945829
49945835
49946231
49946579
49946681
49950235
49950545
49950869
49951013
49951103
49951361
49951695
49952749
49953465
49953741
49954375
49954617
49955445
49955533
49955705
49956075
49956401
49956415
49957637
49957719
49958243
49958425
49958587
49960083
49960289
49961329
49963993
49964423
49964799
49964849
49965081
49965447
49965453
49965579
49965743
49965755
49966063
49967457
49967601
49969933
49970167
49970251
49970489
49970575
49972539
49973029
49973083
49973115
49973233
49973713
49974139
49974415
49974481
49975857
49976341
49977445
49977523
49977583
49977751
49977815
49978091
49978419
49978623
49978671
49978925
49979393
49979665
49979687
49980029
49980377
49980881
49981521
49981587
49981717
49981815
49982061
49982067
49982195
49982429
49982761
49982903
49983199
49983777
49983875
49983985
49984207
49984217
49984347
49984553
49984601
49984659
49984743
49984951
49985045
49985677
49985949
49986313
49986355
49986415
49986609
49987119
49987423
49988399
49988449
49988765
49989387
49989919
49990057
49990109
49990179
49990511
49990649
49990891
49991137
49991173
49991619
49991747
49991775
49992061
49992089
49992211
49992583
49992791
49994227
49994385
49994855
49994979
49995127
49995143
49995259
49995297
49995301
49995339
49995393
49995703
49995761
49995849
49996031
49996919
49997077
49997381
49997929
49999529
49999609
49999617
49999655
49999663
50000013
50000021
50000205
50000397
50001777
50001999
50002403
50003127
50003227
50003245
50003605
50003863
50003889
50004479
50004597
50004973
50005025
50005757
50005759
50006013
50006095
50006307
50006455
50006651
50006753
50006923
50007063
50007119
50007253
50007469
50007709
50007761
50008413
50008841
50009201
50009383
50010693
50010857
50011049
50011551
50011575
50011949
50012003
50012195
50012267
50012283
50012313
50012481
50012525
50012827
50012845
50012959
50013159
50013309
50013575
50014097
50014123
50014501
50014517
50014701
50014769
50014797
50014857
50015455
50015929
50016303
50016425
50016607
50017109
50017209
50017387
50017885
50018239
50018347
50018711
50019723
50019771
50020137
50020629
50020883
50021091
50021281
50021497
50022757
50022941
50023413
50024275
50024609
50024711
50024915
50024989
50025257
50025613
50026065
50026891
50027741
50027929
50028223
50028279
50028303
50028385
50028391
50029509
50030685
50031079
50031233
50031249
50031447
50031479
50031481
50031727
50033141
50033253
50033785
50033959
50033963
50033997
50034787
50034927
50035495
50036103
50036628
50036724
50037039
50037317
50037337
50037699
50038061
50038429
50039531
50039639
50039725
50039819
50039999
50040275
50040313
50040329
50040693
50040905
50041873
50042611
50043221
50043299
50043327
50043669
50043949
50044283
50046031
50047159
50047187
50047569
50048767
50049501
50049767
50049949
50050761
50050955
50051487
50051517
50051545
50051577
50051995
50052589
50053467
50054355
50054879
50054995
50055513
50055529
50055561
50055577
50055705
50056033
50056589
50056915
50056939
50057033
50057245
50057517
50058081
50058083
50058313
50058315
50059309
50059405
50059923
50059959
50060523
50060629
50060673
50061217
50061567
50061671
50062119
50062249
50062321
50062869
50063349
50063561
50064469
50064599
50064601
50064745
50065279
50065291
50065447
50065945
50066099
50066157
50066313
50066393
50066425
50067211
50067269
50067273
50067399
50067447
50067689
50067725
50067797
50067909
50068027
50068371
50068573
50068593
50068607
50068643
50069131
50069351
50069443
50069489
50069633
50070091
50070387
50070631
50071185
50071475
50071509
50072093
50072199
50072257
50072289
50072669
50072673
50073183
50073185
50073745
50073819
50074795
50075381
50075629
50075709
50076027
50076453
50076503
50077457
50077473
50077739
50077929
50077987
50078199
50078301
50078377
50078505
50078545
50078707
50078735
50079269
50079307
50079465
50080151
50080375
50080809
50081037
50081499
50082193
50082247
50082485
50083063
50083173
50083247
50078533
50083691
50083693
50084433
50084627
50085871
50086095
50086913
50087057
50087377
50087447
50087637
50087657
50087715
50087891
50088085
50088659
50088933
50088971
50089163
50089321
50089375
50089393
50089583
50089749
50090033
50090789
50091399
50091989
50092331
50092699
50092919
50093069
50093417
50094153
50094279
50094301
50094323
50094345
50094879
50094925
50095243
50095305
50095405
50095479
50095845
50095919
50096029
50096309
50096385
50096765
50097259
50097521
50097635
50098455
50098621
50098923
50099027
50099173
50099675
50099801
50099935
50100095
50100437
50100501
50100721
50100881
50101203
50101333
50102539
50103185
50103209
50103239
50103725
50103975
50104131
50104395
50104771
50104907
50104937
50105085
50105257
50105541
50105563
50105583
50106223
50106359
50106551
50106805
50107173
50107195
50107431
50107837
50108285
50108353
50108411
50108471
50108497
50108509
50108753
50108817
50108985
50109107
50109763
50109767
50110361
50110805
50111491
50111883
50112097
50112603
50113737
50114011
50115523
50115683
50115851
50116397
50116743
50117305
50117791
50117805
50117809
50118071
50118211
50118515
50119197
50119227
50119973
50120653
50120719
50121333
50121401
50122015
50122213
50122693
50122775
50122903
50122989
50123199
50123518
50123818
50123820
50124004
50124366
50124940
50125080
50126080
50126218
50126756
50127000
50127092
50127876
50128088
50128536
50128724
50128860
50128910
50129058
50129180
50129356
50129396
50129630
50130354
50130538
50130732
50131340
50131560
50131632
50131826
50131964
50131974
50131992
50132058
50132094
50132276
50132372
50132572
50132766
50132782
50132966
50133100
50133398
50133550
50134130
50134214
50135118
50135674
50135750
50136088
50136340
50136368
50136566
50136788
50137324
50137414
50137672
50137790
50137936
50138082
50138094
50138412
50138446
50138546
50138646
50138742
50138760
50139536
50139754
50139988
50140026
50140252
50140666
50141048
50141106
50141120
50141290
50141478
50142030
50142060
50142154
50142344
50142430
50142719
50142991
50143411
50143577
50144115
50144137
50144165
50144999
50145115
50145915
50146083
50146235
50146237
50146933
50146969
50147137
50147851
50148161
50148457
50148931
50149243
50149245
50149321
50149477
50149705
50149731
50149795
50149927
50150153
50150211
50150555
50150793
50151075
50151829
50152145
50152175
50153543
50153837
50154147
50154175
50154237
50154317
50154589
50154613
50155057
50155221
50155231
50155257
50155673
50155807
50156459
50157125
50157563
50157813
50157899
50157935
50157985
50158013
50158015
50158647
50159197
50159359
50159449
50159787
50159819
50160097
50160805
50160865
50160941
50161625
50161715
50161909
50162025
50162515
50162785
50163243
50163305
50163501
50163911
50163951
50164793
50164795
50165471
50165545
50166221
50166275
50166297
50166341
50166473
50166597
50167061
50167443
50167711
50168421
50168979
50169105
50169377
50169623
50169717
50171391
50171653
50171901
50171941
50172159
50172187
50172291
50172313
50172401
50172439
50172519
50172561
50172923
50172981
50172983
50173045
50173133
50173217
50173277
50120061
50173759
50173829
50173941
50174351
50174607
50174691
50175159
50175613
50175727
50176115
50176179
50176303
50176337
50176487
50176595
50176739
50177065
50177169
50177335
50177713
50177779
50177921
50178025
50178391
50178467
50178521
50179041
50180251
50180679
50180681
50181391
50182101
50182655
50182803
50182875
50182895
50183421
50183459
50183851
50184141
50184557
50184875
50184929
50185317
50185359
50185383
50185485
50185555
50185863
50185869
50185871
50186063
50186665
50187323
50187903
50188889
50189043
50189169
50189349
50189523
50189655
50189701
50190021
50190067
50190137
50190603
50190607
50190843
50190927
50190935
50191251
50191299
50191453
50191933
50191979
50192721
50193467
50194075
50195043
50195139
50195579
50195901
50196829
50196865
50197049
50197085
50198225
50198417
50198443
50198511
50198587
50198771
50198787
50199545
50199599
50199815
50199853
50200227
50200307
50201051
50201639
50202153
50202163
50202203
50202391
50202471
50202595
50203435
50204003
50204121
50204577
50204969
50205493
50205711
50205713
50205785
50205997
50206747
50206997
50207039
50207661
50207681
50208493
50209925
50210077
50210201
50211819
50212065
50212721
50212773
50212827
50212875
50213375
50213763
50213781
50213863
50214275
50214289
50214473
50214909
50214957
50215069
50215611
50215777
50215855
50217361
50217413
50217887
50218635
50218663
50218711
50218921
50219007
50219015
50219085
50219235
50219469
50219619
50219983
50220071
50220309
50220337
50220427
50220897
50221011
50221021
50221167
50221615
50221711
50221749
50221937
50221947
50221959
50222001
50222025
50222083
50222135
50222153
50222333
50222365
50222417
50222449
50222841
50222901
50223159
50223557
50223935
50223997
50224395
50224433
50224519
50224981
50225291
50225499
50225609
50225629
50225789
50226105
50226111
50227221
50227389
50227445
50227547
50227897
50227907
50227935
50228025
50228139
50230343
50230417
50230631
50230743
50231139
50232535
50232929
50233257
50233691
50233919
50234073
50234087
50234199
50234433
50234493
50234947
50235011
50235111
50235573
50235615
50235629
50235681
50236043
50236239
50236431
50236537
50236593
50237499
50237763
50237795
50237873
50237913
50238433
50238451
50238469
50238573
50238581
50238685
50239055
50239397
50239487
50239647
50239731
50239851
50240145
50240163
50240907
50241363
50241433
50241837
50242275
50242311
50242315
50242705
50242713
50242867
50242917
50243115
50243161
50243417
50243429
50243433
50243745
50244083
50244367
50244543
50244733
50244889
50245343
50245415
50245451
50245469
50245557
50245623
50245779
50245795
50246059
50246147
50246163
50246359
50246415
50246629
50247271
50247273
50247611
50247613
50247779
50247879
50247881
50248595
50248691
50248693
50248725
50248855
50249223
50249367
50249447
50249453
50249483
50249541
50249755
50249809
50249841
50249871
50249937
50250269
50250479
50251113
50252015
50252633
50252789
50253463
50253513
50253527
50253653
50253777
50253813
50254135
50254267
50254571
50254639
50254769
50255001
50255501
50255645
50255819
50255999
50256015
50256197
50256255
50256875
50257253
50257379
50258159
50258259
50258289
50258351
50258735
50258973
50259005
50259141
50259425
50260013
50260197
50260831
50261119
50261243
50261431
50261513
50261951
50263527
50260015
50263607
50263675
50263779
50263795
50264155
50264203
50264289
50264869
50264931
50265719
50265977
50266253
50266269
50266873
50266923
50266999
50267009
50267089
50267403
50267405
50267501
50267549
50267813
50267843
50268023
50268235
50268361
50268701
50270031
50270107
50270231
50270395
50270427
50270637
50270647
50271263
50271447
50271731
50272147
50272175
50272473
50273419
50273541
50273837
50274171
50274341
50275009
50275191
50275453
50275473
50276329
50276433
50276445
50276499
50277137
50277435
50277689
50278099
50278609
50278815
50279455
50279541
50279573
50279637
50279895
50279969
50281335
50282149
50282699
50282907
50283075
50283181
50283231
50283281
50283301
50283479
50283745
50284127
50284401
50284819
50285099
50285625
50285971
50286099
50286243
50287581
50287945
50289059
50289107
50289817
50289823
50289985
50289993
50290011
50291465
50291905
50293027
50293155
50293431
50294019
50294183
50294369
50294399
50294529
50294877
50295325
50296121
50296657
50297337
50297579
50297617
50297807
50297983
50298005
50298793
50299125
50299627
50299763
50300027
50300181
50301031
50301349
50301797
50301949
50301969
50301997
50302299
50302327
50302373
50302383
50302945
50304499
50304669
50304839
50305013
50305023
50305153
50305179
50305583
50306097
50306513
50306617
50306805
50308645
50308835
50309403
50309595
50309879
50310937
50310955
50311241
50311529
50311849
50311881
50312185
50312691
50312763
50312789
50312879
50313495
50313625
50315057
50315995
50316295
50316567
50316591
50316613
50316967
50317163
50317469
50317757
50318091
50318677
50319103
50319561
50319647
50319843
50319977
50320047
50320081
50320429
50320529
50320789
50320943
50321485
50321999
50322157
50322799
50323087
50323143
50324373
50325579
50326147
50326725
50326941
50327077
50327335
50327767
50328005
50328013
50328313
50328447
50328802
50328906
50329275
50329378
50329594
50330263
50330341
50330631
50330935
50331875
50331877
50331925
50332221
50332395
50332411
50332505
50332781
50333169
50333299
50333669
50333793
50335651
50335913
50338093
50338265
50338505
50338713
50339099
50339413
50339553
50340737
50340759
50340903
50340989
50341091
50341611
50341715
50341741
50342309
50343149
50344237
50344479
50346309
50346465
50346615
50346817
50347809
50347817
50348061
50349205
50349227
50349637
50349771
50350983
50702877
50349215
50349343
50350037
50350077
50350329
50351515
50351779
50352067
50352329
50352603
50352915
50353189
50353504
50353546
50354055
50354693
50354701
50354761
50354873
50354917
50355051
50355605
50355687
50355735
50355793
50356007
50356103
50356141
50356183
50356255
50356425
50356439
50356541
50356577
50356599
50356775
50356825
50358093
50358219
50358353
50358785
50359303
50359557
50359647
50359685
50360175
50360187
50361393
50361907
50362115
50362207
50362887
50363109
50363173
50363189
50363453
50363655
50363767
50364699
50364837
50364895
50365421
50366551
50366575
50366845
50367149
50367255
50367271
50367419
50367525
50368923
50369135
50370315
50370853
50371055
50371083
50371247
50371525
50371663
50371809
50371857
50372145
50372171
50372249
50372485
50372505
50372765
50372817
50372925
50373307
50373387
50373861
50374055
50374997
50375089
50375779
50375885
50376961
50377425
50377539
50377541
50377779
50378077
50378467
50378819
50379345
50379355
50380221
50380737
50380923
50381151
50382103
50382885
50382973
50383403
50383689
50384295
50385139
50386935
50386941
50387251
50387517
50387627
50387719
50387893
50387995
50388027
50388187
50388569
50388647
50389009
50389407
50389459
50389641
50389951
50390017
50390173
50390703
50391075
50391355
50391403
50392015
50392059
50392351
50392381
50392725
50392761
50392791
50393849
50393951
50394251
50394567
50394593
50394617
50394643
50394759
50394857
50395153
50395397
50395575
50395671
50396005
50396739
50397299
50397315
50397803
50398227
50398561
50398719
50399209
50401087
50401103
50401263
50401479
50401557
50401605
50402225
50403049
50403261
50403725
50404621
50405301
50405539
50405795
50405805
50406055
50406255
50406425
50407275
50407695
50407869
50407881
50408027
50408029
50408081
50409975
50410255
50410649
50410719
50411059
50411275
50411421
50411719
50411741
50411775
50413919
50414135
50414177
50414281
50414471
50415405
50415437
50415557
50415939
50417549
50417987
50418449
50418687
50418735
50419933
50419973
50420145
50420183
50420461
50420737
50420989
50421113
50421123
50421241
50421359
50421703
50422721
50422867
50423089
50423259
50423329
50423427
50423769
50424401
50424577
50424923
50425087
50426553
50427181
50427931
50427945
50428403
50428507
50428701
50428795
50429343
50429587
50429623
50429643
50429809
50430369
50430399
50431075
50431297
50431311
50432133
50432171
50432313
50432967
50433315
50433529
50433643
50433743
50433777
50435753
50436283
50436321
50436433
50436583
50436765
50437539
50437717
50438003
50438133
50438241
50438403
50438419
50439439
50439777
50440267
50440375
50440719
50441081
50441215
50441527
50441683
50441787
50442013
50442225
50442261
50442361
50442603
50442605
50442711
50442851
50443301
50443825
50443957
50444049
50445251
50445395
50445397
50445481
50446515
50446659
50446907
50447489
50447513
50447515
50447585
50447599
50447807
50447855
50448091
50448207
50448883
50450089
50450569
50452085
50452103
50452145
50452765
50453235
50453529
50454243
50454511
50454771
50454909
50455103
50455597
50455643
50456473
50457051
50457337
50457419
50457823
50457947
50458193
50458549
50458783
50458823
50458863
50459067
50459757
50460051
50460481
50460929
50461083
50461237
50461589
50461805
50461841
50461845
50461969
50462445
50462501
50462947
50463091
50463129
50463773
50463909
50463933
50464205
50464535
50464677
50464753
50464775
50464811
50464843
50464865
50464919
50465191
50465503
50465967
50466029
50466219
50466261
50466409
50466469
50466827
50467011
50467077
50467163
50467167
50467199
50467313
50467803
50467917
50468015
50468169
50468223
50468245
50468505
50469219
50469877
50470601
50471073
50471265
50471277
50471323
50471395
50471691
50471733
50471753
50471769
50471815
50472035
50472373
50472533
50473301
50474017
50474037
50474341
50474527
50474951
50474981
50475041
50475227
50475285
50475331
50475469
50476087
50476091
50476167
50476233
50476409
50476673
50476917
50477303
50477605
50478805
50478897
50479019
50479037
50479069
50479097
50479335
50479713
50479881
50479977
50480279
50480787
50481273
50481443
50481749
50482173
50482383
50482451
50482491
50482611
50483089
50483133
50483159
50483875
50483899
50484207
50484459
50484895
50485219
50485221
50485413
50485455
50485561
50485595
50485601
50485707
50485765
50485785
50485895
50486083
50486447
50486975
50487595
50487731
50487851
50488593
50489109
50489309
50489415
50489915
50490793
50491017
50491019
50491195
50491629
50491987
50491989
50491997
50492043
50492097
50492271
50492513
50492965
50493479
50493509
50493545
50493683
50494789
50494853
50495215
50495281
50495515
50495865
50495977
50496055
50496475
50496855
50497291
50497409
50497463
50497507
50497519
50498191
50498391
50498477
50498587
50498665
50499071
50499417
50499493
50499589
50500533
50501339
50501495
50501497
50502157
50502343
50502389
50502467
50502719
50502771
50503289
50503625
50503727
50504241
50504357
50504561
50505025
50505907
50506151
50506185
50506213
50506307
50506329
50506349
50507109
50507121
50507291
50507695
50507851
50507871
50508425
50508743
50508969
50509093
50509097
50509287
50509389
50510041
50510047
50510265
50510625
50511031
50511651
50511785
50512027
50512503
50512617
50513499
50513719
50514141
50514613
50514651
50514653
50514729
50514731
50514827
50514991
50515007
50515039
50515653
50516203
50516339
50516341
50516559
50516621
50516829
50517093
50517097
50517457
50518039
50518323
50518419
50518633
50518699
50518733
50518949
50519231
50520165
50520229
50520711
50520743
50520859
50520923
50521387
50521717
50522165
50522313
50522831
50522905
50523001
50523029
50523557
50524111
50524191
50525711
50525805
50526267
50526439
50526503
50526663
50526689
50526957
50527159
50527251
50527691
50527805
50528159
50528189
50528863
50529527
50529645
50530061
50530383
50530603
50530795
50530803
50531821
50532145
50532311
50532395
50532915
50533785
50533793
50534021
50534505
50534599
50534987
50535187
50535529
50535675
50535917
50536049
50536165
50537023
50537201
50537261
50537331
50537887
50537941
50538389
50538573
50538771
50539419
50539839
50539885
50540227
50540965
50541217
51015107
50541817
50541865
50541879
50541887
50541891
50542561
50542643
50543459
50543793
50544037
50544701
50544717
50544835
50545307
50545449
50545561
50545903
50546509
50546981
50547551
50547807
50548397
50548787
50548811
50548869
50549313
50549789
50549901
50550057
50550343
50550417
50550757
50550967
50551293
50551401
50552479
50552889
50553011
50553239
50553861
50553975
50554207
50554233
50554293
50554363
50554387
50554533
50554989
50555127
50555179
50556001
50556689
50556805
50556913
50556921
50557061
50557241
50557337
50557697
50557903
50557997
50558085
50558321
50558417
50558497
50558831
50559085
50559261
50559381
50559651
50559657
50559737
50559905
50559995
50560285
50560287
50560505
50560511
50560543
50561151
50561317
50561493
50561527
50561633
50561979
50561985
50562117
50563061
50563145
50563987
50564355
50564717
50564901
50565023
50565369
50565415
50565421
50565475
50566005
50566553
50566723
50566891
50567405
50567551
50567775
50568017
50568123
50568159
50568397
50568723
50568971
50568975
50568977
50569009
50569115
50569389
50569471
50569515
50569663
50569873
50570057
50570197
50570297
50570653
50571355
50571739
50571907
50571981
50572995
50573259
50573369
50573511
50574243
50574345
50574401
50574613
50574631
50575291
50575417
50575683
50575861
50575869
50575903
50575919
50575933
50576059
50576285
50576383
50577059
50577795
50578369
50579427
50579573
50579793
50579795
50579807
50579993
50580055
50580205
50580589
50580803
50581119
50581201
50581347
50581467
50581549
50581703
50582009
50582107
50582143
50582185
50582593
50582735
50582777
50582917
50582953
50583463
50585489
50585585
50585819
50585925
50586313
50586377
50587385
50588157
50588317
50588321
50588331
50588921
50589143
50589169
50589337
50589555
50589615
50589621
50589631
50589815
50589953
50590099
50590115
50590327
50590357
50591021
50591041
50591485
50591511
50591535
50591657
50591725
50591885
50591961
50592059
50592105
50592127
50592135
50592161
50592163
50592503
50592643
50592811
50592813
50592987
50592989
50593325
50593451
50593463
50593525
50593717
50593833
50593919
50593951
50594123
50594239
50594241
50595065
50595071
50595093
50595823
50596389
50597513
50598139
50598393
50598465
50598523
50598753
50599033
50599167
50599323
50599397
50599417
50599601
50600155
50600503
50600603
50600621
50600633
50601175
50601333
50601743
50602283
50602345
50602665
50602935
50603333
50603711
50603869
50604761
50604853
50604867
50605161
50605815
50605985
50606251
50606303
50606611
50606641
50606821
50607635
50607689
50607791
50607977
50608069
50608473
50608523
50608527
50608821
50608893
50609189
50609309
50609447
50609615
50609631
50609841
50609939
50609943
50610071
50610169
50610171
50610267
50610315
50610453
50610735
50610751
50610789
50610883
50610923
50611005
50611159
50611417
50612195
50612389
50612523
50612585
50612659
50612815
50613637
50613949
50613975
50614187
50614347
50614433
50614623
50614669
50614831
50615147
50615315
50615441
50615483
50615485
50616201
50616667
50616739
50616763
50617445
50617509
50617711
50618043
50618087
50618675
50618691
50618753
50618827
50619743
50619939
50620505
50620549
50621095
50621169
50621175
50621491
50621647
50622195
50622251
50622291
50622293
50622481
50622645
50622951
50623379
50623561
50623671
50624115
50624179
50625239
50625271
50625347
50625363
50625371
50625651
50625663
50625991
50626053
50626111
50626335
50626607
50626809
50627105
50627673
50627733
50627845
50627943
50628383
50628677
50629003
50629275
50629391
50629401
50629563
50629691
50629939
50630241
50630417
50630431
50630879
50631293
50631441
50631471
50631487
50631649
50631725
50632095
50632179
50632837
50633093
50633559
50634159
50634431
50634955
50635429
50635759
50635933
50636233
50636367
50636603
50636875
50636991
50636993
50638067
50638639
50638819
50638853
50639337
50639561
50639607
50639657
50640319
50640343
50640345
50640977
50641271
50641455
50642413
50642439
50642575
50642605
50642879
50642895
50643233
50643443
50643457
50643929
50644123
50644437
50644571
50644581
50644619
50644711
50644723
50644795
50644941
50645023
50645167
50645185
50645253
50645323
50645475
50645883
50645989
50646491
50647139
50647439
50647461
50647539
50647981
50648051
50648253
50649117
50650115
50650523
50650981
50651685
50651721
50652107
50652119
50652151
50652231
50652253
50652871
50652925
50653015
50653055
50653085
50653153
50653301
50653585
50653633
50653773
50654115
50654823
50654825
50655203
50655719
50655867
50656563
50656565
50656767
50656855
50656995
50657029
50657065
50657745
50657751
50658179
50658279
50658467
50658581
50658671
50658809
50658843
50658887
50658897
50658911
50659071
50659943
50660459
50660521
50660645
50660717
50660753
50660941
50661177
50661327
50661529
50661685
50661717
50661919
50661921
50661955
50662211
50662671
50662727
50663037
50663179
50663227
50663421
50663529
50663637
50663811
50664065
50664163
50664373
50664485
50665443
50666081
50666277
50666781
50666897
50667003
50667075
50667343
50667345
50667497
50667699
50667771
50667863
50668083
50668767
50669043
50669157
50669877
50670185
50670371
50670479
50670495
50670563
50670695
50670943
50671001
50671013
50671087
50671107
50671221
50671359
50671481
50671579
50672121
50672649
50672767
50673303
50673555
50673605
50673811
50674017
50674567
50674609
50675355
50675463
50675595
50675649
50675759
50676097
50676667
50676715
50676853
50676855
50677013
50677217
50677301
50677749
50677757
50677787
50677795
50678019
50678183
50678789
50678845
50678925
50678929
50679105
50679229
50679435
50679441
50679501
50679559
50679655
50680109
50680207
50680245
50680683
50680923
50680937
50680939
50681183
50681383
50681443
50681665
50682081
50682091
50682451
50682907
50683079
50683091
50683233
50683377
50683579
50683633
50683909
50683967
50684333
50684565
50684883
50685035
50685037
50685087
50685179
50685887
50685921
50686299
50686423
50686825
50686907
50687105
50687413
50687645
50687949
50688325
50689117
50689245
50689267
50689413
50689551
50689819
50689829
50689851
50689879
50690099
50690153
50690205
50690383
50691437
50691753
50691833
50692723
50692809
50693279
50693373
50694587
50694839
50695277
50695313
50695447
50695615
50695647
50695665
50695763
50695841
50695869
50696145
50696351
50696431
50696649
50696757
50696963
50697043
50697127
50697175
50697487
50697545
50697955
50698049
50698091
50698315
50698359
50698633
50698635
50698847
50699209
50699339
50699519
50699541
50700011
50700367
50700479
50700677
50700679
50700703
50701481
50701713
50701847
50702191
50702469
50702693
50702705
50702797
50702979
50703341
50703411
50703435
50703553
50703687
50703783
50703785
50703789
50703889
50704457
50704523
50704607
50705083
50705237
50705833
50706089
50706123
50706291
50706303
50706589
50706777
50706795
50706825
50706831
50706917
50706955
50707101
50707141
50707199
50707239
50707431
50708451
50708575
50708919
50710487
50711061
50711373
50711597
50712167
50712535
50712565
50712625
50712665
50712689
50712755
50712955
50712967
50713173
50713231
50713243
50713273
50713657
50713785
50713959
50713983
50714013
50714321
50715503
50715699
50715773
50716033
50716037
50716233
50716429
50716721
50716769
50717049
50718359
50718583
50718607
50718693
50718727
50719289
50719363
50720355
50720383
50720895
50721125
50721253
50721865
50721869
50721909
50722025
50722675
50723061
50723467
50724309
50724311
50724337
50724341
50724537
50724987
50725163
50725243
50725439
50727593
50727843
50727877
50728249
50728985
50729613
50729705
50729707
50730055
50730155
50730191
50730449
50730527
50731003
50731007
50731359
50731535
50732101
50732185
50732311
50732579
50732815
50732967
50733263
50733873
50733909
50734079
50734081
50734171
50735493
50735677
50735991
50736155
50736183
50736227
50736349
50736901
50737087
50737501
50738277
50738763
50738865
50738997
50739053
50739353
50740097
50740123
50740135
50740171
50740249
50740877
50741091
50741957
50742593
50742743
50743121
50743295
50743445
50743451
50743677
50743727
50744111
50744623
50744839
50745837
50747095
50747159
50747687
50747803
50748441
50748611
50748751
50749479
50749693
50749701
50750051
50750511
50750651
50750669
50750991
50751003
50751371
50751909
50752227
50752285
50752501
50752745
50752855
50754109
50754241
50754313
50754443
50754945
50754971
50754991
50755219
50755973
50756153
50756241
50756541
50756735
50756825
50757157
50757213
50758019
50758105
50758217
50758793
50758835
50759107
50759527
50759655
50759815
50760051
50760375
50760671
50760801
50760873
50761097
50761549
50762047
50762645
50762735
50762753
50762985
50763227
50763607
50763639
50763653
50763797
50764219
50764307
50764371
50764403
50764627
50764645
50764829
50765109
50765151
50765273
50765361
50765929
50765941
50765983
50766329
50766393
50766633
50767455
50768125
50768245
50768679
50769879
50770091
50770229
50770493
50771159
50771175
50771665
50771873
50772291
50772473
50772635
50773467
50773561
50773887
50774335
50774693
50775037
50775043
50775117
50775789
50775825
50775835
50775881
50775883
50776067
50776217
50776415
50777411
50777475
50777553
50777777
50778169
50779265
50779595
50780393
50781245
50782019
50782053
50783053
50783325
50783429
50783767
50783789
50783887
50784419
50784473
50784741
50785231
50785331
50786447
50786455
50786741
50787055
50787123
50787643
50787729
50787839
50787863
50788069
50788725
50788839
50789037
50789109
50789135
50789309
50789501
50789865
50789937
50789967
50790013
50790429
50790443
50790753
50791349
50791403
50791707
50791763
50791895
50791905
50792193
50792495
50792657
50792889
50792953
50792973
50793073
51027495
50793461
50793785
50794107
50794339
50794569
50794717
50795869
50796557
50796751
50797029
50797927
50798099
50798819
50799047
50799491
50799939
50800117
50800215
50800391
50802023
50802087
50802107
50802145
50802203
50802275
50803203
50803491
50804017
50804065
50804455
50804761
50805031
50805175
50805843
50806197
50806357
50807129
50807219
50807365
50807677
50807695
50807839
50807933
50808039
50808229
50808721
50808775
50808787
50808853
50809179
50809213
50809569
50809723
50810179
50810311
50810409
50810439
50811383
50811391
50813479
50813495
50813569
50813707
50813961
50813997
50814169
50814227
50814441
50814871
50814901
50815021
50815045
50815731
50815767
50815803
50816631
50817089
50817421
50817675
50818059
50819091
50819127
50819183
50819405
50819611
50819819
50820079
50820409
50820447
50820509
50820967
50821137
50821313
50821497
50821531
50821691
50822143
50822287
50822335
50822399
50822413
50822605
50823627
50823815
50823951
50823987
50824165
50824227
50824475
50824493
50825167
50825609
50825621
50826095
50826603
50826949
50827203
50827299
50827419
50827711
50827713
50827961
50828013
50828135
50829071
50829311
50829821
50829959
50830681
50830741
50830959
50830989
50831249
50831427
50831659
50831667
50831713
50831715
50831727
50831989
50832209
50832211
50834037
50834145
50834213
50834267
50835099
50835119
50835529
50835533
50835543
50835555
50835713
50836067
50836195
50836231
50836275
50837077
50837181
50837213
50837769
50837925
50838047
50838321
50838849
50838981
50839063
50839601
50839919
50840363
50840431
50840491
50840563
50840727
50840813
50840857
50841007
50841217
50841569
50841589
50841851
50843473
50844311
50844337
50844389
50844741
50845543
50846639
50846641
50846875
50848359
50848561
50849001
50849211
50849555
50849579
50850327
50850673
50851277
50851321
50851435
50851515
50851655
50851693
50851707
50852823
50853057
50855517
50855579
50855781
50856227
50856229
50856277
50856341
50856393
50856589
50856627
50856647
50856753
50857901
50857965
50859281
50859353
50859843
50860109
50860121
50860123
50860229
50860645
50860667
50860721
50860817
50861145
50861175
50861267
50861375
50861497
50861541
50861853
50862269
50862629
50862943
50863143
50863503
50863581
50863617
50864071
50864109
50864267
50864353
50864541
50864627
50864639
50864797
50864807
50864829
50864875
50865371
50865813
50867177
50867201
50867391
50867663
50869311
50869443
50869491
50870131
50870709
50871267
50825067
50869275
50870571
50871483
50871621
50871807
50872351
50872629
50874159
50874629
50874663
50874769
50874891
50874911
50874951
50875201
50875315
50875351
50875669
50876027
50876281
50876559
50876575
50876691
50877593
50877609
50877943
50879021
50879075
50879397
50880211
50880355
50880709
50881189
50881205
50881827
50882007
50882015
50882257
50882535
50882671
50882775
50883169
50883323
50883987
50884099
50884275
50885455
50885519
50885663
50886057
50886131
50886615
50886639
50886761
50887043
50887107
50887197
50887223
50887661
50887711
50887907
50887931
50888701
50889139
50889153
50889613
50889881
50890339
50890461
50890513
50891049
50891153
50891361
50892345
50892751
50892935
50893125
50893219
50893811
50894037
50894203
50894755
50894771
50894957
50895149
50895187
50895687
50896037
50896533
50896649
50897041
50897123
50897473
50897581
50897787
50897931
50897999
50898173
50898257
50898279
50899061
50899491
50899503
50899995
50900013
50900387
50900463
50900609
50901023
50901421
50901455
50901495
50901549
50901569
50901839
50901917
50902091
50902347
50902783
50903227
50903675
50903763
50904725
50904733
50904787
50905727
50906655
50906751
50906817
50906835
50907013
50907157
50907897
50907967
50908251
50908279
50908935
50909087
50909161
50909785
50909965
50910587
50910995
50911289
50911789
50911857
50911961
50911989
50912103
50912491
50912735
50912821
50913671
50913695
50913745
50913807
50914147
50914373
50914667
50914675
50914807
50915749
50916391
50916893
50916973
50917063
50917603
50917937
50918363
50918543
50918547
50919131
50919429
50919517
50919713
50920013
50920731
50921001
50921013
50921287
50921537
50922501
50922969
50924057
50924155
50924787
50925475
50925489
50925699
50925779
50925823
50925845
50926085
50926749
50926841
50927347
50927785
50927957
50928351
50928953
50929117
50929149
50929361
50930589
50931529
50931549
50931775
50932805
50932955
50933331
50933367
50933383
50933627
50933629
50933787
50934287
50935343
50935401
50936215
50936615
50936983
50937093
50938365
50938399
50938779
50940271
50940399
50940559
50941235
50941303
50941381
50941403
50941433
50941967
50942007
50942753
50942797
50943901
50944231
50944401
50944415
50945377
50945405
50945481
50945591
50945617
50946197
50946259
50946845
50946881
50947729
50948427
50948507
50948527
50948715
50949431
50949551
50949967
50950251
50951249
50951827
50952055
50952397
50952591
50952799
50953281
50953599
50953659
50953679
50953863
50953905
51227427
50832849
50954197
50954227
50954581
50954607
50954683
50955737
50956803
50957091
50957103
50957285
50957533
50957577
50958053
50958177
50958283
50958535
50958645
50958747
50958979
50959337
50959451
50959547
50959961
50960029
50960371
50960495
50960655
50960899
50961447
50961459
50961589
50961765
50962159
50962221
50962533
50962539
50962723
50963193
50963275
50963929
50963965
50963995
50964285
50964659
50964667
50964771
50964773
50964875
50965043
50965305
50965309
50965393
50966565
50968051
50968073
50968131
50968155
50968175
50968179
50968243
50968399
50968729
50968857
50968865
50968879
50969275
50969465
50969709
50969753
50969801
50970269
50970383
50970783
50971359
50971461
50971661
50971707
50972169
50972343
50972633
50972907
50973059
50973337
50973627
50973685
50973763
50973807
50973963
50974035
50974077
50974175
50974215
50974435
50974691
50974755
50974785
50975111
50976111
50976885
50977033
50977187
50977595
50977607
50977845
50977965
50977985
50978183
50978363
50978453
50979001
50979343
50979491
50979519
50979841
50980279
50980655
50980865
50980867
50981563
50982005
50982243
50982731
50982775
50982777
50982797
50983385
50984907
50985603
50985967
50986203
50986393
50986779
50986927
50987933
50988877
50989025
50989917
50989953
50990009
50990043
50990335
50991001
50991267
50991869
50992213
50992385
50992397
50992589
50993749
50994133
50994381
50994475
50995701
50996125
50996823
50998009
50998057
50998135
50998161
50998315
50998669
50998823
50998979
50999067
50999703
51000013
51000813
51000851
51000897
51001341
51001385
51002323
51002595
51002663
51004739
51004781
51004817
51004863
51005573
51005743
51005765
51005845
51006019
51006479
51007267
51007459
51007693
51008213
51008269
51008277
51008487
51008609
51008781
51009857
51009859
51009903
51010003
51010289
51010465
51010513
51010671
51010909
51011209
51011243
51011295
51011507
51011853
51012031
51012657
51012711
51012927
51012955
51013079
51013213
51013467
51013499
51013567
51014037
51014053
51014175
51014195
51014347
51014441
51014539
51015587
51015845
51015929
51016073
51016717
51017059
51017719
51018377
51019255
51019439
51020077
51020115
51020147
51020921
51021287
51021867
51021919
51022609
51023559
51023915
51023963
51024489
51024569
51024607
51024625
51024867
51024889
51026301
51026455
51027027
51027389
51027589
51028285
51028353
51028373
51028739
51029867
51030383
51030743
51031295
51031921
51032417
51032487
51033089
51033105
51033209
51033785
51034111
51034263
51035881
51036063
51036831
51037151
51037577
51037717
51038029
51038093
51038287
51038535
51039867
51040271
51040589
51040993
51041123
51041125
51043261
51043331
51043451
51043629
51044019
51040899
51044217
51044219
51044325
51044413
51044643
51044747
51044889
51044941
51044943
51045223
51045987
51046441
51046485
51046553
51046587
51046907
51047113
51047295
51048133
51048897
51048899
51049039
51049843
51051169
51051273
51051951
51053521
51053809
51053893
51053991
51054057
51054117
51054617
51054933
51055683
51055815
51056463
51056619
51056663
51056817
51056885
51057019
51057123
51057125
51057157
51057251
51057343
51057403
51057475
51057549
51057591
51057823
51058271
51058425
51058987
51060183
51060201
51060229
51060367
51060575
51061817
51062115
51062125
51062413
51062629
51062651
51062771
51062851
51063227
51063581
51064489
51065927
51066045
51066203
51066315
51066341
51066383
51067273
51067433
51067959
51067989
51068847
51069207
51069239
51069917
51070311
51070373
51070629
51070641
51072145
51072475
51072575
51072777
51073297
51073581
51073969
51074031
51074585
51074591
51075379
51075487
51075515
51075609
51075669
51075851
51076147
51076355
51076515
51077189
51077261
51077287
51077329
51077749
51078607
51078671
51079281
51079769
51080103
51080109
51080487
51080981
51081919
51082031
51082065
51082329
51082473
51082949
51083353
51083671
51083955
51083957
51084917
51084975
51086355
51086357
51087133
51087155
51087883
51087919
51088075
51088591
51088723
51089239
51089311
51089461
51089499
51090183
51090577
51090709
51092057
51092213
51092557
51092659
51092897
51092901
51093319
51093527
51094305
51094361
51094599
51094853
51095393
51097007
51097109
51097165
51097729
51098345
51098589
51098855
51100491
51100493
51100495
51100901
51101011
51101447
51101563
51101685
51103011
51103709
51104567
51104591
51105195
51105929
51106525
51107035
51107561
51108267
51109037
51109201
51109327
51109333
51109409
51109565
51110083
51110147
51110955
51112627
51113507
51114015
51114451
51114585
51114665
51114761
51114989
51116277
51116385
51116611
51116695
51116991
51117117
51117121
51118173
51118725
51119461
51119647
51120133
51122413
51123219
51124987
51125257
51125281
51126945
51127887
51127965
51128041
51128113
51128169
51128285
51128309
51128401
51128991
51129471
51129635
51129967
51130461
51130803
51132435
51134445
51134693
51134815
51135033
51135199
51135243
51135253
51135325
51135705
51135873
51136815
51137165
51137187
51137535
51137787
51137907
51137933
51137997
51138201
51138235
51138507
51138565
51138621
51139419
51139459
51140135
51140539
51141179
51141281
51141293
51141295
51141331
51141387
51141481
51142029
51142277
51142899
51143535
51143545
51143631
51143719
51144029
51144417
51144715
51144891
51145811
51146045
51146559
51146695
51146791
51146857
51146913
51146935
51147049
51147065
51147161
51147471
51147625
51147763
51147897
51147905
51149171
51149263
51149473
51149911
51150443
51150563
51150769
51067939
51139579
51151809
51151955
51152011
51152265
51152687
51152805
51153579
51153965
51154183
51154201
51154269
51154539
51154995
51156281
51156557
51156561
51157033
51157761
51158157
51158219
51158363
51158557
51158695
51159471
51159689
51160119
51160245
51160487
51161209
51161275
51161553
51162517
51162693
51163709
51163745
51164063
51164175
51164225
51164295
51164561
51164673
51164751
51165129
51165681
51166559
51166877
51167147
51167521
51167949
51168069
51168389
51168873
51169429
51169501
51169673
51170213
51170761
51170781
51170793
51171141
51171913
51173483
51173517
51173861
51174989
51175227
51176291
51177061
51177189
51177231
51178419
51178655
51178775
51179691
51179803
51179877
51180095
51180171
51180269
51180785
51181337
51181877
51181955
51182239
51182507
51182585
51182781
51183057
51183169
51184105
51184945
51185303
51185459
51185805
51186003
51186171
51186257
51186561
51186973
51187197
51187279
51187545
51188289
51188313
51189049
51189245
51189319
51189533
51190579
51190743
51190841
51190965
51191113
51191343
51192905
51193067
51193305
51193505
51193509
51193649
51193789
51194333
51194425
51194771
51194941
51194945
51195145
51195155
51195375
51195959
51196033
51196203
51196371
51196447
51196619
51196823
51196903
51196935
51197247
51198607
51198935
51199019
51199097
51200019
51200793
51200837
51201413
51201651
51201825
51202049
51202403
51204295
51204525
51204535
51204603
51205807
51206307
51206521
51206693
51206859
51208305
51208471
51208831
51209355
51210137
51210545
51210547
51210619
51210745
51210779
51210843
51211073
51211287
51211299
51211301
51211613
51211623
51211631
51211641
51211649
51211691
51211999
51212113
51212189
51212427
51212493
51212693
51212695
51212981
51213625
51213687
51214069
51215031
51215205
51215457
51215519
51215605
51215813
51215827
51216019
51216077
51216473
51216581
51216765
51216995
51217027
51217187
51217203
51217263
51218105
51218113
51218739
51219539
51219625
51219697
51220311
51220717
51220759
51220961
51221873
51221939
51222159
51222985
51223787
51224295
51224583
51224777
51225225
51225241
51225287
51226015
51226771
51226867
51226979
51227069
51227143
51227275
51227299
51227799
51228245
51228523
51228683
51228737
51228793
51228897
51229265
51230275
51230315
51231635
51231721
51231921
51232137
51232175
51232229
51232285
51232969
51233375
51234045
51234087
51234425
51311101
51140275
51230319
51230995
51234939
51235217
51235533
51235771
51235883
51236181
51236183
51237409
51238917
51239185
51239285
51239987
51240383
51241065
51241117
51241185
51241327
51242055
51242289
51242825
51243053
51243059
51243395
51244085
51244229
51244289
51244439
51245369
51246227
51246399
51246765
51246937
51247417
51247471
51247883
51248213
51248473
51248631
51250301
51250325
51250423
51250963
51251111
51251995
51252101
51252399
51253449
51253629
51253635
51253883
51253937
51253981
51254631
51254709
51255737
51256021
51256059
51256151
51257629
51257731
51257827
51257835
51257897
51257899
51258855
51259285
51259415
51260339
51260485
51260527
51261763
51262373
51262619
51262627
51263189
51263401
51263437
51263689
51264077
51264229
51264363
51264659
51264817
51264917
51265057
51265741
51266481
51266487
51266525
51266603
51266833
51266935
51267127
51267493
51267691
51267971
51269287
51269693
51269809
51269955
51270515
51270537
51270825
51272197
51272255
51273813
51273979
51274245
51274825
51275039
51275357
51275563
51275857
51276007
51276519
51276663
51276773
51276957
51277097
51277109
51277133
51277149
51277177
51278055
51278097
51278253
51278273
51278341
51278593
51278797
51278837
51280127
51280259
51280777
51280839
51281001
51281133
51281291
51281357
51281899
51282385
51282703
51282933
51283199
51284139
51284289
51284951
51285199
51285201
51285435
51286053
51286069
51287589
51287709
51288031
51288053
51288061
51290637
51291573
51291709
51291933
51292023
51292085
51292119
51292641
51292645
51292829
51293657
51293735
51294025
51294331
51294631
51295335
51295759
51295881
51295941
51296001
51296125
51296397
51296541
51296569
51296611
51296669
51297753
51297869
51297893
51297963
51297999
51298137
51298163
51298285
51298721
51298737
51298739
51298895
51299737
51299743
51299915
51299965
51300233
51300461
51300831
51301039
51301263
51301331
51301787
51301843
51303095
51303173
51303175
51303219
51303519
51303675
51303835
51304267
51304583
51304643
51304987
51305061
51305521
51305829
51306121
51306749
51306811
51306931
51306989
51307035
51307709
51308073
51308241
51308741
51308971
51309497
51309603
51310553
51310995
51311223
51311321
51311355
51311731
51312189
51312389
51312831
51313055
51314005
51314519
51315031
51315137
51315293
51315437
51315645
51315673
51316383
51316521
51316659
51317289
51317513
51318081
51319339
51319777
51320417
51320471
51320783
51321049
51322767
51322965
51325281
51327089
51327317
51327533
51326723
51327393
51327741
51327779
51327939
51328099
51328387
51328405
51328983
51329651
51329841
51329921
51330625
51330767
51331169
51331177
51331623
51331639
51331803
51331811
51333279
51333399
51333711
51334217
51334541
51334557
51334673
51334803
51334845
51335173
51335309
51335751
51335897
51336431
51336453
51336967
51337501
51337607
51338609
51338713
51338763
51340817
51341305
51341487
51341545
51342037
51342049
51342051
51342183
51343425
51343673
51344375
51344439
51344849
51344927
51345041
51345215
51345299
51345419
51345439
51345579
51347701
51347783
51348003
51348005
51348315
51348389
51348395
51348441
51348543
51348559
51348729
51349521
51349583
51349945
51349997
51350019
51350467
51350869
51351105
51351149
51351159
51351185
51351351
51351491
51351675
51351707
51351825
51351857
51352005
51352043
51352045
51353653
51353963
51354967
51355039
51355159
51355257
51355441
51355481
51355623
51355647
51355649
51355841
51356439
51356925
51357023
51357103
51357273
51357583
51359827
51360119
51360347
51360355
51360373
51360419
51360731
51361805
51363509
51364039
51364167
51365363
51365787
51366503
51366901
51367501
51367509
51367567
51367783
51368617
51368653
51368749
51370341
51370443
51370701
51370743
51372007
51372463
51372775
51373217
51374769
51374899
51374969
51375689
51375749
51375769
51376073
51376561
51376601
51376789
51376877
51377009
51377147
51377213
51377311
51377345
51377431
51378051
51378231
51378321
51378475
51378493
51379749
51379869
51380265
51381797
51381823
51382011
51382499
51384011
51384303
51384353
51384919
51385211
51385575
51385587
51386159
51386361
51386589
51387253
51388535
51388925
51389385
51389633
51389725
51389775
51389915
51390071
51390357
51390573
51390761
51390871
51391149
51391355
51392319
51392725
51393443
51393971
51394161
51394363
51394971
51395491
51396739
51397451
51397471
51397485
51397541
51397747
51399263
51399333
51399677
51399919
51399927
51399951
51400179
51400287
51400625
51401391
51402931
51402963
51403017
51403117
51403399
51403591
51403847
51404395
51405331
51405477
51405635
51406117
51406239
51406947
51407121
51407219
51408093
51408255
51408353
51408437
51409825
51410701
51412487
51413393
51413497
51414009
51414453
51415745
51415865
51415997
51416111
51416197
51416349
51416811
51419313
51419533
51419775
51419897
51419961
51419985
51420085
51570293
51391753
51420871
51420873
51420965
51420991
51423329
51423685
51423915
51424387
51424639
51424965
51425623
51425663
51426191
51426269
51426659
51426669
51427033
51427051
51427627
51427693
51427923
51428333
51428389
51429315
51429497
51429517
51429625
51430141
51430955
51431681
51432137
51434215
51434245
51434375
51435337
51435365
51435393
51435727
51435737
51436163
51436283
51436511
51437419
51438465
51438837
51439279
51439433
51439511
51439831
51440277
51440363
51440795
51440923
51442019
51442113
51442517
51442837
51442979
51443657
51444769
51445089
51445179
51445645
51446035
51446037
51446067
51446357
51446405
51446903
51446979
51447153
51447255
51447635
51448261
51448655
51449245
51449317
51449327
51449465
51449807
51449957
51449993
51450075
51450435
51450519
51451369
51451615
51451767
51451903
51452041
51452043
51452059
51452105
51452343
51452575
51452853
51453089
51453867
51453941
51454165
51454167
51454565
51455585
51456047
51456203
51456817
51457083
51457195
51457235
51457721
51458265
51458377
51459013
51459203
51459647
51460171
51460263
51460323
51460369
51460371
51460381
51460407
51460455
51460715
51460757
51460777
51461581
51461693
51461895
51461897
51461931
51462185
51462283
51462513
51462783
51462863
51463515
51463817
51463921
51464089
51464139
51464311
51464883
51465755
51466283
51466757
51467137
51467269
51467727
51467875
51468265
51468395
51468633
51468731
51469257
51469391
51469837
51469855
51469957
51469985
51470551
51471679
51471833
51472209
51472639
51472705
51473373
51473897
51473941
51474015
51474315
51474527
51474561
51475501
51475833
51475895
51476155
51476921
51477301
51477501
51477855
51478343
51478801
51478935
51479219
51479281
51479507
51479953
51480007
51480141
51480339
51480857
51481167
51481285
51481715
51481747
51481807
51482251
51482275
51483519
51484483
51484511
51484543
51484629
51485023
51485409
51485493
51485545
51486057
51486725
51487293
51487485
51487919
51488095
51488287
51488291
51488715
51489719
51490343
51490385
51491817
51492037
51492395
51492465
51492545
51492807
51492967
51493209
51493273
51493401
51493581
51494657
51494741
51494833
51495135
51495137
51495345
51495647
51496001
51496221
51496379
51498685
51498903
51498967
51499055
51499303
51499393
51499475
51499587
51499611
51499847
51500255
51500357
51500379
51500527
51500615
51500739
51501033
51501035
51501105
51502637
51503007
51503017
51503033
51503149
51503523
51504893
51339037
51505407
51505445
51505473
51505637
51505703
51505989
51506357
51506525
51507397
51507425
51507467
51507839
51508037
51508569
51510631
51510897
51511231
51511275
51512043
51513785
51514421
51514979
51515241
51515531
51515745
51515747
51516337
51516499
51516505
51516933
51517187
51517433
51517531
51517541
51517561
51517705
51518007
51518169
51518193
51518581
51518903
51519401
51519431
51519497
51520717
51521139
51521369
51521371
51521679
51521705
51522219
51522279
51522503
51522555
51523655
51523933
51524177
51524277
51524837
51526287
51526309
51526599
51527499
51527641
51527877
51527953
51528053
51528289
51528745
51529147
51529699
51530403
51530505
51530725
51530805
51531151
51531913
51532243
51532247
51532463
51534079
51534631
51534811
51534865
51535055
51535901
51536419
51536515
51536599
51536673
51536863
51536927
51537831
51537887
51538139
51538207
51539785
51540463
51540469
51540615
51540789
51540901
51540939
51540967
51541105
51541181
51541215
51541523
51542347
51542849
51543323
51544865
51545431
51546933
51547151
51547569
51548105
51548271
51548591
51548869
51549387
51549635
51549637
51549701
51551855
51552383
51553345
51553439
51553695
51554661
51555077
51555161
51555265
51556005
51556027
51556139
51556225
51556963
51556987
51557575
51558247
51558345
51559539
51560261
51561477
51561851
51562201
51562487
51562495
51562743
51563093
51563769
51563903
51563925
51563959
51564161
51565199
51565885
51566147
51567279
51567853
51568029
51569099
51569293
51570549
51571105
51571269
51571337
51571479
51571921
51572403
51572471
51573159
51573823
51573845
51574439
51574609
51575075
51576007
51576303
51576609
51577551
51578175
51578177
51578559
51578581
51579613
51580203
51580213
51580945
51581335
51581349
51581429
51581577
51582575
51582677
51582679
51582689
51582775
51582805
51583209
51583345
51583545
51583661
51583665
51584391
51584643
51584649
51584835
51584847
51584925
51586239
51586985
51587157
51587943
51588007
51588431
51588781
51588865
51588909
51590901
51591673
51591773
51591835
51592221
51592227
51592231
51592409
51592509
51595047
51595151
51595235
51595667
51595695
51595769
51595879
51596283
51596417
51597799
51598751
51598793
51598927
51644545
51771241
51598085
51599089
51599093
51599107
51600677
51602555
51602813
51602961
51602983
51603615
51604757
51604945
51605167
51605301
51605341
51605433
51605521
51605543
51606517
51606641
51606937
51607011
51607313
51607927
51608465
51608471
51608861
51609303
51609401
51610099
51610731
51610943
51610945
51611463
51611609
51612171
51612363
51613077
51613217
51613237
51613361
51613783
51614601
51615325
51615333
51615443
51616173
51616333
51616559
51616765
51617359
51617863
51618075
51618281
51618397
51618611
51618963
51619323
51619327
51619815
51619847
51620247
51620475
51620807
51620813
51620993
51622117
51622125
51622141
51622289
51622457
51622919
51622979
51623205
51623395
51623403
51624149
51624163
51624421
51624927
51624937
51625097
51625595
51625999
51626265
51626875
51627475
51627657
51628251
51629117
51629299
51629503
51629717
51630195
51630225
51631015
51631591
51632009
51632385
51632725
51633451
51634035
51634037
51634093
51634179
51634313
51635221
51635251
51635853
51636077
51637147
51638213
51641209
51641533
51641641
51641997
51642431
51642433
51642637
51643205
51643737
51643921
51644027
51644133
51644473
51644887
51644941
51645227
51645453
51645769
51645771
51645953
51645985
51646805
51646911
51646995
51646999
51647025
51647245
51647289
51647651
51647663
51647749
51647785
51647837
51647861
51647865
51647867
51647923
51647965
51647983
51648001
51648123
51648299
51648431
51648875
51648879
51649107
51649207
51649217
51649931
51650033
51650115
51650261
51650327
51650353
51650355
51650577
51650717
51650915
51651173
51652359
51652433
51652479
51653111
51653223
51653747
51654517
51654977
51655091
51655295
51655337
51655723
51655755
51655941
51656089
51656189
51656399
51657287
51657315
51657867
51658507
51658573
51658705
51658721
51658863
51658959
51659001
51659013
51659433
51660935
51661145
51661553
51661731
51661955
51662313
51662679
51662739
51662767
51662873
51663131
51663409
51663465
51663479
51663717
51664053
51664143
51664551
51664567
51664641
51664681
51664685
51664695
51664759
51664787
51665683
51665969
51665985
51666289
51666359
51666415
51666771
51667977
51668149
51668163
51668353
51669791
51670649
51671223
51671247
51671255
51671489
51671721
51671951
51672203
51672253
51672357
51672661
51672719
51672735
51672859
51673021
51673385
51673761
51673865
51674043
51674129
51674249
51674299
51674367
51674747
51675013
51676059
51676315
51676777
51676805
51677101
51677367
51677825
51678161
51678351
51678477
51678479
51678605
51679129
51679467
51679507
51679773
51680065
51680621
51680935
51680963
51681163
51681269
51682113
51682129
51673321
51678563
51681029
51682449
51682543
51682587
51683037
51683165
51683203
51683221
51683245
51683277
51683547
51683595
51684249
51684375
51684627
51684671
51685369
51685713
51686017
51686697
51686787
51687059
51687167
51687839
51688459
51688513
51688905
51689013
51689569
51690199
51690583
51690787
51691011
51691265
51691583
51691621
51691669
51691729
51691747
51691759
51691807
51692257
51692495
51692531
51693177
51693585
51693601
51694647
51694801
51694849
51694947
51694965
51695305
51695725
51695951
51697073
51697157
51697263
51697513
51697539
51697775
51698165
51698877
51698983
51699973
51700195
51700589
51700593
51701071
51701153
51701261
51701407
51701645
51702161
51702599
51703091
51703311
51703751
51703825
51703855
51703895
51703939
51704651
51704871
51705665
51706249
51706839
51707029
51707115
51708813
51708891
51709003
51709045
51709557
51709821
51709915
51709963
51710165
51710339
51710371
51711997
51712047
51712253
51712313
51713099
51713303
51714223
51714267
51715129
51715321
51715625
51715681
51715689
51715773
51716125
51716281
51718005
51718511
51718735
51718775
51718789
51718833
51719229
51719761
51719783
51719785
51719849
51719859
51719913
51720263
51720267
51720735
51720909
51721435
51722731
51723849
51723987
51724113
51724185
51724367
51724499
51724759
51725067
51725493
51726165
51727739
51728095
51728107
51728293
51728999
51729509
51729721
51729751
51729781
51729909
51730765
51731117
51731337
51732879
51735051
51735143
51735243
51735255
51735383
51735829
51736363
51736389
51736459
51736463
51736529
51737895
51738023
51738041
51738729
51738787
51739565
51739747
51739801
51739979
51740055
51740605
51741163
51741467
51741729
51741815
51741819
51741859
51741887
51741947
51741977
51742041
51742639
51742735
51742857
51744587
51745495
51745651
51745883
51746285
51746357
51746427
51746445
51746459
51746667
51746899
51748477
51748913
51748969
51749261
51750139
51750475
51750477
51752083
51752247
51752989
51753059
51753453
51753835
51754145
51754225
51755115
51755797
51755803
51755829
51755959
51756201
51756231
51756267
51756861
51757047
51757067
51757169
51757317
51757369
51757591
51757713
51757925
51758131
51758643
51759103
51760231
51760277
51760505
51760549
51760653
