80718959
80733021
80747583
80859939
80890993
80916263
80917267
80928741
80938357
81035279
81048191
81098405
81152479
81179095
81179761
81193203
81194921
81197077
81199039
81209681
81211591
81225149
81258765
81339547
81346393
81450621
81499601
81530473
81606473
81612535
81627563
81639543
81941181
81989589
82017283
82047245
82053437
82078677
82157783
82178401
82273895
82495425
82601157
82832053
82939001
83136313
83171837
83198859
83264179
83290719
83421779
83464291
83861539
83919789
83922457
84092320
84216519
84251177
84294717
84316229
84337927
84583831
84677137
84815723
84890533
84953187
84991255
85021575
85174149
85189973
85359035
85364413
85394633
85489767
85541293
85570191
85615799
85775053
85817667
85827145
85847541
85992627
86126845
86128771
86140453
86175519
86189251
86336453
86350101
86360509
86505013
86673223
86710587
86808697
86983835
87200031
87364769
87375503
87389791
87424579
